20
999999995000050000 10000000000000 100000
999999995000050000 10000000000000 100000
999999995000050000 10000000000000 100000
999999995000050000 10000000000000 100000
999999995000050000 10000000000000 100000
999999995000050000 10000000000000 100000
999999995000050000 10000000000000 100000
999999995000050000 10000000000000 100000
999999995000050000 10000000000000 100000
999999995000050000 10000000000000 100000
999999995000050000 10000000000000 100000
999999995000050000 10000000000000 100000
999999995000050000 10000000000000 100000
999999995000050000 10000000000000 100000
999999995000050000 10000000000000 100000
999999995000050000 10000000000000 100000
999999995000050000 10000000000000 100000
999999995000050000 10000000000000 100000
999999995000050000 10000000000000 100000
999999995000050000 10000000000000 100000