135443329 270886658
135443329 406329987
135443329 541773316
135443329 677216645
135443329 812659974
135443329 948103303
135443329 96745235
19349047 232188564
19349047 367631893
19349047 503075222
19349047 638518551
19349047 773961880
19349047 909405209
19349047 58047141
19349047 193490470
19349047 328933799
19349047 464377128
19349047 599820457
19349047 735263786
19349047 870707115
19349047 19349047
19349047 154792376
19349047 290235705
19349047 425679034
19349047 561122363
19349047 696565692
19349047 832009021
19349047 967452350
19349047 116094282
19349047 251537611
19349047 386980940
19349047 522424269
19349047 657867598
19349047 793310927
19349047 928754256
19349047 77396188
19349047 212839517
19349047 348282846
19349047 483726175
19349047 619169504
19349047 754612833
19349047 890056162
19349047 38698094
19349047 174141423
19349047 309584752
19349047 445028081
19349047 580471410
19349047 715914739
19349047 851358068
19349047 986801397
----
19349047 72150192
19349047 58047141
58047141
